1       1      20      3
2       1      19      2
3       1      18      1
4       1      17      3
5       1      16      3
6       1      15      3
7       1      14      3
8       1      13      3
9       1      12      3
10      1      11      3
11      1      5       3
12      1      5       3
13      1      5       3
14      1      5       3
15      1      5       3
16      1      5       3
17      1      5       3
18      1      5       3
19      1      5       3
20      1      5       3
21      1      5       3
23      1      5       3
24      1      5       3
25      1      5       3
26      1      5       3
27      1      5       3
29      1      5       3
30      1      5       3
31      1      5       3
32      1      5       3
33      1      5       3
34      1      5       3
35      1      5       3
36      1      5       3
37      1      5       3

